{
 "cells": [
  {
   "cell_type": "code",
   "execution_count": 1,
   "id": "101a4f62",
   "metadata": {},
   "outputs": [
    {
     "name": "stderr",
     "output_type": "stream",
     "text": [
      "Module libc not found.\n"
     ]
    },
    {
     "name": "stdout",
     "output_type": "stream",
     "text": [
      "Welcome to JupyROOT 6.24/07\n"
     ]
    }
   ],
   "source": [
    "import ROOT"
   ]
  },
  {
   "cell_type": "code",
   "execution_count": 2,
   "id": "7e2b2407",
   "metadata": {},
   "outputs": [
    {
     "data": {
      "text/plain": [
       "0"
      ]
     },
     "execution_count": 2,
     "metadata": {},
     "output_type": "execute_result"
    },
    {
     "name": "stdout",
     "output_type": "stream",
     "text": [
      "\n",
      "\u001b[1mRooFit v3.60 -- Developed by Wouter Verkerke and David Kirkby\u001b[0m \n",
      "                Copyright (C) 2000-2013 NIKHEF, University of California & Stanford University\n",
      "                All rights reserved, please read http://roofit.sourceforge.net/license.txt\n",
      "\n"
     ]
    }
   ],
   "source": [
    "ROOT.gSystem.Load('./RooMultiVarGaussian2e_cxx.so')"
   ]
  },
  {
   "cell_type": "code",
   "execution_count": 3,
   "id": "1e590dc8",
   "metadata": {},
   "outputs": [],
   "source": [
    "import matplotlib.pyplot as plt\n",
    "import numpy as np\n",
    "\n",
    "from os.path import exists\n",
    "\n",
    "import read_config_utils as cu\n",
    "\n",
    "import matplotlib as mpl"
   ]
  },
  {
   "cell_type": "code",
   "execution_count": 4,
   "id": "3309b69e",
   "metadata": {},
   "outputs": [],
   "source": [
    "import sys\n",
    "import time"
   ]
  },
  {
   "cell_type": "code",
   "execution_count": 5,
   "id": "3783a672",
   "metadata": {},
   "outputs": [],
   "source": [
    "input_dir = 'output-files-bootstrap-test6b-6d-1b'\n",
    "points_file = 'train-and-true-samples.npy'\n",
    "\n",
    "\n",
    "#weights_file = 'omnifold-output-weights.npy'\n",
    "weights_file = 'bootstrap-weights-049.npy'\n"
   ]
  },
  {
   "cell_type": "code",
   "execution_count": 6,
   "id": "20011728",
   "metadata": {},
   "outputs": [],
   "source": [
    "config_file = '%s/config.txt' % (input_dir)\n",
    "\n",
    "if not exists(config_file) :\n",
    "    \n",
    "    print(\"\\n\\n\\n ******* Input file does not exist: %s\\n\\n\\n\" % config_file )\n",
    "    sys.exit()\n",
    "    "
   ]
  },
  {
   "cell_type": "code",
   "execution_count": 7,
   "id": "7921ec66",
   "metadata": {},
   "outputs": [
    {
     "name": "stdout",
     "output_type": "stream",
     "text": [
      "\n",
      "\n",
      " Number of feature dimensions: 6\n",
      "\n",
      "\n"
     ]
    }
   ],
   "source": [
    "ndim = int(cu.get_par( config_file, \"ndim\"))\n",
    "print(\"\\n\\n Number of feature dimensions: %d\\n\\n\" % ndim)"
   ]
  },
  {
   "cell_type": "code",
   "execution_count": 8,
   "id": "1f7b51fb",
   "metadata": {},
   "outputs": [],
   "source": [
    "with open( '%s/config-pars.npy' % input_dir, 'rb') as f :\n",
    "    train_mu = np.load(f, allow_pickle=True )\n",
    "    train_rho = np.load(f, allow_pickle=True)\n",
    "    train_sig = np.load(f, allow_pickle=True)    \n",
    "    true_mu = np.load(f, allow_pickle=True )\n",
    "    true_rho = np.load(f, allow_pickle=True)\n",
    "    true_sig = np.load(f, allow_pickle=True)  \n",
    "    resolution = np.load(f, allow_pickle=True)"
   ]
  },
  {
   "cell_type": "code",
   "execution_count": 9,
   "id": "19fc02b7",
   "metadata": {},
   "outputs": [],
   "source": [
    "with open('%s/%s' % (input_dir, points_file),'rb') as f :\n",
    "    train_pts = np.load(f)\n",
    "    train_det_pts = np.load(f)\n",
    "    true_pts = np.load(f)\n",
    "    true_det_pts = np.load(f)\n"
   ]
  },
  {
   "cell_type": "code",
   "execution_count": 10,
   "id": "260f06fe",
   "metadata": {},
   "outputs": [],
   "source": [
    "with open('%s/%s' % (input_dir, weights_file),'rb') as f :\n",
    "    sample_weights = np.load(f)"
   ]
  },
  {
   "cell_type": "code",
   "execution_count": 11,
   "id": "dbe18ead",
   "metadata": {},
   "outputs": [
    {
     "name": "stdout",
     "output_type": "stream",
     "text": [
      "train_pts shape:  (4000000, 6)\n",
      "weights:  (4000000,)\n",
      "number of MC events: 4000000\n"
     ]
    }
   ],
   "source": [
    "\n",
    "nmcevts = len(train_pts)\n",
    "\n",
    "print( \"train_pts shape:  %s\" % str(train_pts.shape))\n",
    "print( \"weights:  %s\" % str(sample_weights.shape))\n",
    "\n",
    "print( \"number of MC events: %d\" % nmcevts)"
   ]
  },
  {
   "cell_type": "code",
   "execution_count": 12,
   "id": "8b0d43e6",
   "metadata": {},
   "outputs": [
    {
     "name": "stdout",
     "output_type": "stream",
     "text": [
      "\n",
      " sample_sf = 0.100000\n"
     ]
    }
   ],
   "source": [
    "sample_sf = (1.*len(true_pts))/(1.*len(train_pts))\n",
    "print('\\n sample_sf = %f' % sample_sf )"
   ]
  },
  {
   "cell_type": "code",
   "execution_count": null,
   "id": "c8991c36",
   "metadata": {},
   "outputs": [],
   "source": []
  },
  {
   "cell_type": "code",
   "execution_count": null,
   "id": "dc86507e",
   "metadata": {},
   "outputs": [],
   "source": []
  },
  {
   "cell_type": "code",
   "execution_count": 13,
   "id": "325cb01a",
   "metadata": {
    "scrolled": true
   },
   "outputs": [
    {
     "name": "stdout",
     "output_type": "stream",
     "text": [
      "   0,  0 : diagonal    0.6400\n",
      "   0,  1 : diagonal     0.800 *    0.600 *    0.000 =   0.0000\n",
      "   0,  2 : diagonal     0.800 *    1.000 *    0.200 =   0.1600\n",
      "   0,  3 : diagonal     0.800 *    0.600 *   -0.200 =  -0.0960\n",
      "   0,  4 : diagonal     0.800 *    1.000 *    0.100 =   0.0800\n",
      "   0,  5 : diagonal     0.800 *    1.100 *    0.000 =   0.0000\n",
      "   1,  1 : diagonal    0.3600\n",
      "   1,  2 : diagonal     0.600 *    1.000 *    0.000 =   0.0000\n",
      "   1,  3 : diagonal     0.600 *    0.600 *   -0.100 =  -0.0360\n",
      "   1,  4 : diagonal     0.600 *    1.000 *    0.200 =   0.1200\n",
      "   1,  5 : diagonal     0.600 *    1.100 *    0.000 =   0.0000\n",
      "   2,  2 : diagonal    1.0000\n",
      "   2,  3 : diagonal     1.000 *    0.600 *    0.000 =   0.0000\n",
      "   2,  4 : diagonal     1.000 *    1.000 *   -0.300 =  -0.3000\n",
      "   2,  5 : diagonal     1.000 *    1.100 *    0.400 =   0.4400\n",
      "   3,  3 : diagonal    0.3600\n",
      "   3,  4 : diagonal     0.600 *    1.000 *    0.200 =   0.1200\n",
      "   3,  5 : diagonal     0.600 *    1.100 *    0.000 =   0.0000\n",
      "   4,  4 : diagonal    1.0000\n",
      "   4,  5 : diagonal     1.000 *    1.100 *    0.500 =   0.5500\n",
      "   5,  5 : diagonal    1.2100\n"
     ]
    }
   ],
   "source": [
    "\n",
    "\n",
    "true_cov  = np.zeros( shape=(ndim,ndim) )\n",
    "\n",
    "for i in range(ndim) :\n",
    "    for j in range(ndim) :\n",
    "        if j < i : continue\n",
    "        if i == j :\n",
    "            true_cov[i][j] = true_sig[i] * true_sig[j]\n",
    "            print(\"  %2d, %2d : diagonal  %8.4f\" % (i,j, true_cov[i][j]))\n",
    "        else :\n",
    "            k = ndim - j - 1\n",
    "            true_cov[i][j] = true_sig[i] * true_sig[j] * true_rho[i][k]\n",
    "            true_cov[j][i] = true_cov[i][j]\n",
    "            print(\"  %2d, %2d : diagonal  %8.3f * %8.3f * %8.3f = %8.4f\" % \n",
    "                  (i,j, true_sig[i], true_sig[j], true_rho[i][k], true_cov[i][j]))\n",
    "            \n",
    "            \n",
    "   "
   ]
  },
  {
   "cell_type": "code",
   "execution_count": 14,
   "id": "9c886671",
   "metadata": {},
   "outputs": [
    {
     "name": "stdout",
     "output_type": "stream",
     "text": [
      "   0,  0 : diagonal    1.0000\n",
      "   0,  1 : diagonal     1.000 *    0.700 *    0.100 =   0.0700\n",
      "   0,  2 : diagonal     1.000 *    1.100 *    0.200 =   0.2200\n",
      "   0,  3 : diagonal     1.000 *    0.800 *   -0.300 =  -0.2400\n",
      "   0,  4 : diagonal     1.000 *    1.200 *    0.000 =   0.0000\n",
      "   0,  5 : diagonal     1.000 *    1.400 *    0.000 =   0.0000\n",
      "   1,  1 : diagonal    0.4900\n",
      "   1,  2 : diagonal     0.700 *    1.100 *    0.000 =   0.0000\n",
      "   1,  3 : diagonal     0.700 *    0.800 *   -0.200 =  -0.1120\n",
      "   1,  4 : diagonal     0.700 *    1.200 *    0.300 =   0.2520\n",
      "   1,  5 : diagonal     0.700 *    1.400 *    0.100 =   0.0980\n",
      "   2,  2 : diagonal    1.2100\n",
      "   2,  3 : diagonal     1.100 *    0.800 *    0.100 =   0.0880\n",
      "   2,  4 : diagonal     1.100 *    1.200 *   -0.200 =  -0.2640\n",
      "   2,  5 : diagonal     1.100 *    1.400 *    0.300 =   0.4620\n",
      "   3,  3 : diagonal    0.6400\n",
      "   3,  4 : diagonal     0.800 *    1.200 *    0.100 =   0.0960\n",
      "   3,  5 : diagonal     0.800 *    1.400 *    0.000 =   0.0000\n",
      "   4,  4 : diagonal    1.4400\n",
      "   4,  5 : diagonal     1.200 *    1.400 *    0.700 =   1.1760\n",
      "   5,  5 : diagonal    1.9600\n"
     ]
    }
   ],
   "source": [
    "train_cov  = np.zeros( shape=(ndim,ndim) )\n",
    "\n",
    "for i in range(ndim) :\n",
    "    for j in range(ndim) :\n",
    "        if j < i : continue\n",
    "        if i == j :\n",
    "            train_cov[i][j] = train_sig[i] * train_sig[j]\n",
    "            print(\"  %2d, %2d : diagonal  %8.4f\" % (i,j, train_cov[i][j]))\n",
    "        else :\n",
    "            k = ndim - j - 1\n",
    "            train_cov[i][j] = train_sig[i] * train_sig[j] * train_rho[i][k]\n",
    "            train_cov[j][i] = train_cov[i][j]\n",
    "            print(\"  %2d, %2d : diagonal  %8.3f * %8.3f * %8.3f = %8.4f\" % \n",
    "                  (i,j, train_sig[i], train_sig[j], train_rho[i][k], train_cov[i][j]))\n",
    "            \n",
    "            \n",
    "   "
   ]
  },
  {
   "cell_type": "code",
   "execution_count": 15,
   "id": "2ad2435c",
   "metadata": {},
   "outputs": [
    {
     "data": {
      "text/plain": [
       "array([[ 0.64 ,  0.   ,  0.16 , -0.096,  0.08 ,  0.   ],\n",
       "       [ 0.   ,  0.36 ,  0.   , -0.036,  0.12 ,  0.   ],\n",
       "       [ 0.16 ,  0.   ,  1.   ,  0.   , -0.3  ,  0.44 ],\n",
       "       [-0.096, -0.036,  0.   ,  0.36 ,  0.12 ,  0.   ],\n",
       "       [ 0.08 ,  0.12 , -0.3  ,  0.12 ,  1.   ,  0.55 ],\n",
       "       [ 0.   ,  0.   ,  0.44 ,  0.   ,  0.55 ,  1.21 ]])"
      ]
     },
     "execution_count": 15,
     "metadata": {},
     "output_type": "execute_result"
    }
   ],
   "source": [
    "true_cov"
   ]
  },
  {
   "cell_type": "code",
   "execution_count": 16,
   "id": "2c965c80",
   "metadata": {},
   "outputs": [
    {
     "data": {
      "text/plain": [
       "array([[ 1.   ,  0.07 ,  0.22 , -0.24 ,  0.   ,  0.   ],\n",
       "       [ 0.07 ,  0.49 ,  0.   , -0.112,  0.252,  0.098],\n",
       "       [ 0.22 ,  0.   ,  1.21 ,  0.088, -0.264,  0.462],\n",
       "       [-0.24 , -0.112,  0.088,  0.64 ,  0.096,  0.   ],\n",
       "       [ 0.   ,  0.252, -0.264,  0.096,  1.44 ,  1.176],\n",
       "       [ 0.   ,  0.098,  0.462,  0.   ,  1.176,  1.96 ]])"
      ]
     },
     "execution_count": 16,
     "metadata": {},
     "output_type": "execute_result"
    }
   ],
   "source": [
    "train_cov"
   ]
  },
  {
   "cell_type": "markdown",
   "id": "89178255",
   "metadata": {},
   "source": [
    "## Read in the simple calculation results to set the fit parameter limits."
   ]
  },
  {
   "cell_type": "code",
   "execution_count": 17,
   "id": "b4aca616",
   "metadata": {},
   "outputs": [],
   "source": [
    "with open( '%s/simple-calc-results.npy' % input_dir, 'rb') as f :\n",
    "    sc_ave_mean_val = np.load(f, allow_pickle=True )\n",
    "    sc_ave_mean_rms = np.load(f, allow_pickle=True)\n",
    "    sc_ave_cov_val  = np.load(f, allow_pickle=True)    \n",
    "    sc_ave_cov_rms  = np.load(f, allow_pickle=True )\n",
    "\n"
   ]
  },
  {
   "cell_type": "code",
   "execution_count": 18,
   "id": "d98a0365",
   "metadata": {},
   "outputs": [
    {
     "data": {
      "text/plain": [
       "array([[ 0.6599177 ,  0.01367423,  0.1358671 , -0.0903721 ,  0.06503495,\n",
       "         0.01404829],\n",
       "       [ 0.        ,  0.39796328, -0.00523508, -0.0356304 ,  0.14194853,\n",
       "        -0.00703753],\n",
       "       [ 0.        ,  0.        ,  1.06871231, -0.00311827, -0.30980017,\n",
       "         0.42446812],\n",
       "       [ 0.        ,  0.        ,  0.        ,  0.36765506,  0.11923962,\n",
       "         0.00147429],\n",
       "       [ 0.        ,  0.        ,  0.        ,  0.        ,  0.98697275,\n",
       "         0.54676763],\n",
       "       [ 0.        ,  0.        ,  0.        ,  0.        ,  0.        ,\n",
       "         1.20036717]])"
      ]
     },
     "execution_count": 18,
     "metadata": {},
     "output_type": "execute_result"
    }
   ],
   "source": [
    "sc_ave_cov_val"
   ]
  },
  {
   "cell_type": "code",
   "execution_count": 19,
   "id": "ffb3823f",
   "metadata": {},
   "outputs": [
    {
     "name": "stdout",
     "output_type": "stream",
     "text": [
      "\n",
      "\n",
      "\n",
      "  Simple direct calculation results from the bootstrap samples.\n",
      "\n",
      "  feature 0  mean:     0.8010  (true   0.8000) RMS    0.0029\n",
      "  feature 1  mean:     0.1075  (true   0.1000) RMS    0.0032\n",
      "  feature 2  mean:    -0.6232  (true  -0.6000) RMS    0.0037\n",
      "  feature 3  mean:     0.7044  (true   0.7000) RMS    0.0030\n",
      "  feature 4  mean:    -0.8063  (true  -0.8000) RMS    0.0041\n",
      "  feature 5  mean:     0.1089  (true   0.1000) RMS    0.0026\n",
      "\n",
      "\n",
      "   0, 0  cov:     0.6599  (true   0.6400) RMS    0.0053\n",
      "   0, 1  cov:     0.0137  (true   0.0000) RMS    0.0021\n",
      "   0, 2  cov:     0.1359  (true   0.1600) RMS    0.0052\n",
      "   0, 3  cov:    -0.0904  (true  -0.0960) RMS    0.0040\n",
      "   0, 4  cov:     0.0650  (true   0.0800) RMS    0.0043\n",
      "   0, 5  cov:     0.0140  (true   0.0000) RMS    0.0047\n",
      "   1, 1  cov:     0.3980  (true   0.3600) RMS    0.0033\n",
      "   1, 2  cov:    -0.0052  (true   0.0000) RMS    0.0049\n",
      "   1, 3  cov:    -0.0356  (true  -0.0360) RMS    0.0020\n",
      "   1, 4  cov:     0.1419  (true   0.1200) RMS    0.0048\n",
      "   1, 5  cov:    -0.0070  (true   0.0000) RMS    0.0034\n",
      "   2, 2  cov:     1.0687  (true   1.0000) RMS    0.0154\n",
      "   2, 3  cov:    -0.0031  (true   0.0000) RMS    0.0045\n",
      "   2, 4  cov:    -0.3098  (true  -0.3000) RMS    0.0085\n",
      "   2, 5  cov:     0.4245  (true   0.4400) RMS    0.0058\n",
      "   3, 3  cov:     0.3677  (true   0.3600) RMS    0.0038\n",
      "   3, 4  cov:     0.1192  (true   0.1200) RMS    0.0036\n",
      "   3, 5  cov:     0.0015  (true   0.0000) RMS    0.0039\n",
      "   4, 4  cov:     0.9870  (true   1.0000) RMS    0.0104\n",
      "   4, 5  cov:     0.5468  (true   0.5500) RMS    0.0043\n",
      "   5, 5  cov:     1.2004  (true   1.2100) RMS    0.0057\n",
      "\n",
      "\n",
      "\n"
     ]
    }
   ],
   "source": [
    "print('\\n\\n')\n",
    "print('  Simple direct calculation results from the bootstrap samples.\\n')\n",
    "\n",
    "for fi in range(ndim) :\n",
    "    print('  feature %d  mean:   %8.4f  (true %8.4f) RMS  %8.4f'\n",
    "         % (fi, sc_ave_mean_val[fi], true_mu[fi], sc_ave_mean_rms[fi]) )\n",
    "    \n",
    "print('\\n')\n",
    "\n",
    "for i in range(ndim) :\n",
    "    for j in range(i,ndim) :\n",
    "        print('   %d, %d  cov:   %8.4f  (true %8.4f) RMS  %8.4f'\n",
    "              % ( i, j, sc_ave_cov_val[i][j], true_cov[i,j], sc_ave_cov_rms[i][j]) )\n",
    "\n",
    "print('\\n\\n')"
   ]
  },
  {
   "cell_type": "code",
   "execution_count": null,
   "id": "76735149",
   "metadata": {},
   "outputs": [],
   "source": []
  },
  {
   "cell_type": "code",
   "execution_count": null,
   "id": "4886c3fa",
   "metadata": {},
   "outputs": [],
   "source": []
  },
  {
   "cell_type": "code",
   "execution_count": null,
   "id": "c2f93708",
   "metadata": {},
   "outputs": [],
   "source": []
  },
  {
   "cell_type": "code",
   "execution_count": null,
   "id": "1317a79b",
   "metadata": {},
   "outputs": [],
   "source": []
  },
  {
   "cell_type": "code",
   "execution_count": 20,
   "id": "b352efb8",
   "metadata": {},
   "outputs": [
    {
     "data": {
      "text/plain": [
       "array([[-1.05203063, -0.98470544, -0.4174169 ,  1.31997585, -1.19324066,\n",
       "         0.08540096],\n",
       "       [ 1.11064173,  0.00581243, -1.13965258,  0.03800486,  0.28830975,\n",
       "         0.0865808 ],\n",
       "       [ 1.8350465 , -0.6086367 ,  0.11009081,  1.02365317, -1.40942085,\n",
       "         1.27169165],\n",
       "       ...,\n",
       "       [ 0.87406194, -1.20371356,  1.54108662,  0.66459211, -2.45378089,\n",
       "         0.49221018],\n",
       "       [ 1.34008182, -0.11507163, -0.33175897, -0.25478632, -0.33088859,\n",
       "         1.60801835],\n",
       "       [ 1.44619623, -1.48029439, -2.47944382,  1.35055878, -0.0131591 ,\n",
       "         0.8716515 ]])"
      ]
     },
     "execution_count": 20,
     "metadata": {},
     "output_type": "execute_result"
    }
   ],
   "source": [
    "train_pts"
   ]
  },
  {
   "cell_type": "code",
   "execution_count": 21,
   "id": "33431033",
   "metadata": {},
   "outputs": [
    {
     "data": {
      "text/plain": [
       "(4000000, 6)"
      ]
     },
     "execution_count": 21,
     "metadata": {},
     "output_type": "execute_result"
    }
   ],
   "source": [
    "train_pts.shape"
   ]
  },
  {
   "cell_type": "code",
   "execution_count": null,
   "id": "63cdd631",
   "metadata": {},
   "outputs": [],
   "source": []
  },
  {
   "cell_type": "code",
   "execution_count": 22,
   "id": "060e1fed",
   "metadata": {},
   "outputs": [
    {
     "data": {
      "text/plain": [
       "array([ 0.8,  0.1, -0.6,  0.7, -0.8,  0.1])"
      ]
     },
     "execution_count": 22,
     "metadata": {},
     "output_type": "execute_result"
    }
   ],
   "source": [
    "true_mu"
   ]
  },
  {
   "cell_type": "code",
   "execution_count": 23,
   "id": "406fedf1",
   "metadata": {},
   "outputs": [
    {
     "name": "stdout",
     "output_type": "stream",
     "text": [
      "[[-1.85203063 -1.08470544  0.1825831   0.61997585 -0.39324066 -0.01459904]\n",
      " [ 0.31064173 -0.09418757 -0.53965258 -0.66199514  1.08830975 -0.0134192 ]\n",
      " [ 1.0350465  -0.7086367   0.71009081  0.32365317 -0.60942085  1.17169165]\n",
      " ...\n",
      " [ 0.07406194 -1.30371356  2.14108662 -0.03540789 -1.65378089  0.39221018]\n",
      " [ 0.54008182 -0.21507163  0.26824103 -0.95478632  0.46911141  1.50801835]\n",
      " [ 0.64619623 -1.58029439 -1.87944382  0.65055878  0.7868409   0.7716515 ]]\n"
     ]
    }
   ],
   "source": [
    "train_pts_minus_true_mu = train_pts - true_mu\n",
    "print(train_pts_minus_true_mu)"
   ]
  },
  {
   "cell_type": "code",
   "execution_count": 24,
   "id": "c203851b",
   "metadata": {},
   "outputs": [
    {
     "data": {
      "text/plain": [
       "array([ 1. ,  0. , -0.5,  0.5, -1. ,  0.3])"
      ]
     },
     "execution_count": 24,
     "metadata": {},
     "output_type": "execute_result"
    }
   ],
   "source": [
    "train_mu"
   ]
  },
  {
   "cell_type": "code",
   "execution_count": 25,
   "id": "df1f829e",
   "metadata": {},
   "outputs": [
    {
     "name": "stdout",
     "output_type": "stream",
     "text": [
      "[[-2.05203063 -0.98470544  0.0825831   0.81997585 -0.19324066 -0.21459904]\n",
      " [ 0.11064173  0.00581243 -0.63965258 -0.46199514  1.28830975 -0.2134192 ]\n",
      " [ 0.8350465  -0.6086367   0.61009081  0.52365317 -0.40942085  0.97169165]\n",
      " ...\n",
      " [-0.12593806 -1.20371356  2.04108662  0.16459211 -1.45378089  0.19221018]\n",
      " [ 0.34008182 -0.11507163  0.16824103 -0.75478632  0.66911141  1.30801835]\n",
      " [ 0.44619623 -1.48029439 -1.97944382  0.85055878  0.9868409   0.5716515 ]]\n"
     ]
    }
   ],
   "source": [
    "train_pts_minus_train_mu = train_pts - train_mu\n",
    "print(train_pts_minus_train_mu)"
   ]
  },
  {
   "cell_type": "code",
   "execution_count": null,
   "id": "50e6fe18",
   "metadata": {},
   "outputs": [],
   "source": []
  },
  {
   "cell_type": "code",
   "execution_count": null,
   "id": "a64052df",
   "metadata": {},
   "outputs": [],
   "source": []
  },
  {
   "cell_type": "code",
   "execution_count": null,
   "id": "254b550d",
   "metadata": {},
   "outputs": [],
   "source": []
  },
  {
   "cell_type": "code",
   "execution_count": 26,
   "id": "236a5a8d",
   "metadata": {},
   "outputs": [
    {
     "data": {
      "text/plain": [
       "array([[ 0.64 ,  0.   ,  0.16 , -0.096,  0.08 ,  0.   ],\n",
       "       [ 0.   ,  0.36 ,  0.   , -0.036,  0.12 ,  0.   ],\n",
       "       [ 0.16 ,  0.   ,  1.   ,  0.   , -0.3  ,  0.44 ],\n",
       "       [-0.096, -0.036,  0.   ,  0.36 ,  0.12 ,  0.   ],\n",
       "       [ 0.08 ,  0.12 , -0.3  ,  0.12 ,  1.   ,  0.55 ],\n",
       "       [ 0.   ,  0.   ,  0.44 ,  0.   ,  0.55 ,  1.21 ]])"
      ]
     },
     "execution_count": 26,
     "metadata": {},
     "output_type": "execute_result"
    }
   ],
   "source": [
    "true_cov"
   ]
  },
  {
   "cell_type": "code",
   "execution_count": null,
   "id": "8fac080b",
   "metadata": {},
   "outputs": [],
   "source": []
  },
  {
   "cell_type": "code",
   "execution_count": null,
   "id": "ba11c1b6",
   "metadata": {},
   "outputs": [],
   "source": []
  },
  {
   "cell_type": "code",
   "execution_count": null,
   "id": "2b379b2e",
   "metadata": {},
   "outputs": [],
   "source": []
  },
  {
   "cell_type": "code",
   "execution_count": 27,
   "id": "7a5fd794",
   "metadata": {},
   "outputs": [],
   "source": [
    "true_cov_inv = np.linalg.inv( true_cov )"
   ]
  },
  {
   "cell_type": "code",
   "execution_count": 28,
   "id": "7c9955f5",
   "metadata": {},
   "outputs": [
    {
     "data": {
      "text/plain": [
       "array([[ 2.16720735,  0.5238541 , -1.16089127,  1.0492377 , -1.25679098,\n",
       "         0.99341091],\n",
       "       [ 0.5238541 ,  3.3098402 , -0.88711059,  0.91158261, -1.32271248,\n",
       "         0.92381861],\n",
       "       [-1.16089127, -0.88711059,  2.78705675, -1.16853878,  2.31077013,\n",
       "        -2.06382524],\n",
       "       [ 1.0492377 ,  0.91158261, -1.16853878,  3.69119578, -1.62738908,\n",
       "         1.1646455 ],\n",
       "       [-1.25679098, -1.32271248,  2.31077013, -1.62738908,  3.47992071,\n",
       "        -2.42206219],\n",
       "       [ 0.99341091,  0.92381861, -2.06382524,  1.1646455 , -2.42206219,\n",
       "         2.67786555]])"
      ]
     },
     "execution_count": 28,
     "metadata": {},
     "output_type": "execute_result"
    }
   ],
   "source": [
    "true_cov_inv"
   ]
  },
  {
   "cell_type": "code",
   "execution_count": 29,
   "id": "24d75898",
   "metadata": {},
   "outputs": [],
   "source": [
    "inv_check = np.matmul( true_cov, true_cov_inv )"
   ]
  },
  {
   "cell_type": "code",
   "execution_count": 30,
   "id": "751d0044",
   "metadata": {},
   "outputs": [
    {
     "data": {
      "text/plain": [
       "array([[ 1.00000000e+00,  1.33027204e-17, -1.95945683e-17,\n",
       "         4.79800120e-17, -1.36869527e-16, -2.54339557e-17],\n",
       "       [-1.08006500e-18,  1.00000000e+00,  4.52492704e-17,\n",
       "         3.38724119e-17, -2.43357366e-17,  1.51970089e-17],\n",
       "       [ 5.51307525e-17, -1.10979483e-16,  1.00000000e+00,\n",
       "        -3.19120768e-16,  1.35505791e-16, -1.82910344e-16],\n",
       "       [-1.08006500e-18, -1.96611062e-17, -1.02618808e-17,\n",
       "         1.00000000e+00,  3.11754146e-17,  1.51970089e-17],\n",
       "       [ 1.38485264e-16,  1.13190284e-16, -1.58265634e-16,\n",
       "        -1.48927315e-17,  1.00000000e+00,  1.41125580e-16],\n",
       "       [ 8.20377464e-17,  2.20047899e-16, -1.31808609e-16,\n",
       "        -2.62389617e-16, -3.05207468e-16,  1.00000000e+00]])"
      ]
     },
     "execution_count": 30,
     "metadata": {},
     "output_type": "execute_result"
    }
   ],
   "source": [
    "inv_check"
   ]
  },
  {
   "cell_type": "code",
   "execution_count": 31,
   "id": "61bebefd",
   "metadata": {},
   "outputs": [
    {
     "name": "stdout",
     "output_type": "stream",
     "text": [
      "\n",
      "\n",
      " true_cov determinant:  0.021873\n",
      "\n"
     ]
    }
   ],
   "source": [
    "true_cov_det = np.linalg.det( true_cov )\n",
    "print(\"\\n\\n true_cov determinant:  %.6f\\n\" % true_cov_det )"
   ]
  },
  {
   "cell_type": "code",
   "execution_count": 32,
   "id": "7104027e",
   "metadata": {},
   "outputs": [
    {
     "name": "stdout",
     "output_type": "stream",
     "text": [
      "train_pts shape:    (4000000, 6)\n",
      "train_pts.T shape:  (6, 4000000)\n"
     ]
    }
   ],
   "source": [
    "print(\"train_pts shape:    %s\" % str(train_pts.shape))\n",
    "print(\"train_pts.T shape:  %s\" % str(train_pts.T.shape))"
   ]
  },
  {
   "cell_type": "code",
   "execution_count": 33,
   "id": "1bb60d00",
   "metadata": {},
   "outputs": [
    {
     "name": "stdout",
     "output_type": "stream",
     "text": [
      "\n",
      "\n",
      " shape of true_cov_inv_times_v   :  (6, 4000000)\n",
      "\n",
      "\n"
     ]
    }
   ],
   "source": [
    "true_cov_inv_times_v = np.tensordot( true_cov_inv, train_pts_minus_true_mu.T, axes=(1,0) )\n",
    "print(\"\\n\\n shape of true_cov_inv_times_v   :  %s\\n\\n\"\n",
    "     % str(true_cov_inv_times_v.shape))"
   ]
  },
  {
   "cell_type": "code",
   "execution_count": 34,
   "id": "e550cf65",
   "metadata": {},
   "outputs": [
    {
     "name": "stdout",
     "output_type": "stream",
     "text": [
      "\n",
      "\n",
      " shape of v_times_true_cov_inv_times_v   :  (4000000,)\n",
      "\n",
      "\n"
     ]
    }
   ],
   "source": [
    "v_times_true_cov_inv_times_v =  np.sum( train_pts_minus_true_mu.T * true_cov_inv_times_v, axis=0)\n",
    "print(\"\\n\\n shape of v_times_true_cov_inv_times_v   :  %s\\n\\n\"\n",
    "     % str(v_times_true_cov_inv_times_v.shape))"
   ]
  },
  {
   "cell_type": "code",
   "execution_count": 35,
   "id": "f33b96e4",
   "metadata": {},
   "outputs": [
    {
     "name": "stdout",
     "output_type": "stream",
     "text": [
      "\n",
      "\n",
      " v_times_true_cov_inv_times_v   :   [10.26714143  5.01319035  9.77874665 ...  9.8928745   4.97947756\n",
      " 19.13520068]\n",
      "\n",
      "\n",
      "  shape  (4000000,) \n"
     ]
    }
   ],
   "source": [
    "\n",
    "print(\"\\n\\n v_times_true_cov_inv_times_v   :   %s\\n\\n\" % v_times_true_cov_inv_times_v )\n",
    "print(\"  shape  %s \"  % str(v_times_true_cov_inv_times_v.shape))"
   ]
  },
  {
   "cell_type": "code",
   "execution_count": null,
   "id": "4e5ad9a2",
   "metadata": {},
   "outputs": [],
   "source": []
  },
  {
   "cell_type": "code",
   "execution_count": 36,
   "id": "d0f69b06",
   "metadata": {},
   "outputs": [
    {
     "data": {
      "text/plain": [
       "array([[-1.05203063, -0.98470544, -0.4174169 ,  1.31997585, -1.19324066,\n",
       "         0.08540096],\n",
       "       [ 1.11064173,  0.00581243, -1.13965258,  0.03800486,  0.28830975,\n",
       "         0.0865808 ],\n",
       "       [ 1.8350465 , -0.6086367 ,  0.11009081,  1.02365317, -1.40942085,\n",
       "         1.27169165],\n",
       "       ...,\n",
       "       [ 0.87406194, -1.20371356,  1.54108662,  0.66459211, -2.45378089,\n",
       "         0.49221018],\n",
       "       [ 1.34008182, -0.11507163, -0.33175897, -0.25478632, -0.33088859,\n",
       "         1.60801835],\n",
       "       [ 1.44619623, -1.48029439, -2.47944382,  1.35055878, -0.0131591 ,\n",
       "         0.8716515 ]])"
      ]
     },
     "execution_count": 36,
     "metadata": {},
     "output_type": "execute_result"
    }
   ],
   "source": [
    "train_pts"
   ]
  },
  {
   "cell_type": "code",
   "execution_count": 37,
   "id": "053458bd",
   "metadata": {},
   "outputs": [
    {
     "data": {
      "text/plain": [
       "array([10.26714143,  5.01319035,  9.77874665, ...,  9.8928745 ,\n",
       "        4.97947756, 19.13520068])"
      ]
     },
     "execution_count": 37,
     "metadata": {},
     "output_type": "execute_result"
    }
   ],
   "source": [
    "v_times_true_cov_inv_times_v"
   ]
  },
  {
   "cell_type": "code",
   "execution_count": null,
   "id": "0044be21",
   "metadata": {},
   "outputs": [],
   "source": []
  },
  {
   "cell_type": "code",
   "execution_count": null,
   "id": "d0fcc000",
   "metadata": {},
   "outputs": [],
   "source": []
  },
  {
   "cell_type": "code",
   "execution_count": 38,
   "id": "934b3163",
   "metadata": {},
   "outputs": [
    {
     "name": "stdout",
     "output_type": "stream",
     "text": [
      "[-1.85203063 -1.08470544  0.1825831   0.61997585 -0.39324066 -0.01459904]\n"
     ]
    }
   ],
   "source": [
    "test_v0 = train_pts_minus_true_mu.T[:,0]\n",
    "print(test_v0)"
   ]
  },
  {
   "cell_type": "code",
   "execution_count": 39,
   "id": "233b362b",
   "metadata": {},
   "outputs": [
    {
     "data": {
      "text/plain": [
       "array([[ 2.16720735,  0.5238541 , -1.16089127,  1.0492377 , -1.25679098,\n",
       "         0.99341091],\n",
       "       [ 0.5238541 ,  3.3098402 , -0.88711059,  0.91158261, -1.32271248,\n",
       "         0.92381861],\n",
       "       [-1.16089127, -0.88711059,  2.78705675, -1.16853878,  2.31077013,\n",
       "        -2.06382524],\n",
       "       [ 1.0492377 ,  0.91158261, -1.16853878,  3.69119578, -1.62738908,\n",
       "         1.1646455 ],\n",
       "       [-1.25679098, -1.32271248,  2.31077013, -1.62738908,  3.47992071,\n",
       "        -2.42206219],\n",
       "       [ 0.99341091,  0.92381861, -2.06382524,  1.1646455 , -2.42206219,\n",
       "         2.67786555]])"
      ]
     },
     "execution_count": 39,
     "metadata": {},
     "output_type": "execute_result"
    }
   ],
   "source": [
    "true_cov_inv"
   ]
  },
  {
   "cell_type": "code",
   "execution_count": 40,
   "id": "9f223df4",
   "metadata": {},
   "outputs": [],
   "source": [
    "ci_times_tv0 = np.tensordot( true_cov_inv, test_v0, axes=(1,0))"
   ]
  },
  {
   "cell_type": "code",
   "execution_count": 41,
   "id": "56b2fb52",
   "metadata": {},
   "outputs": [
    {
     "data": {
      "text/plain": [
       "array([-3.66370038, -3.65055022,  2.01810458, -0.23396928,  1.8422479 ,\n",
       "       -1.58330694])"
      ]
     },
     "execution_count": 41,
     "metadata": {},
     "output_type": "execute_result"
    }
   ],
   "source": [
    "ci_times_tv0"
   ]
  },
  {
   "cell_type": "code",
   "execution_count": null,
   "id": "2a3ec2b1",
   "metadata": {},
   "outputs": [],
   "source": []
  },
  {
   "cell_type": "code",
   "execution_count": 42,
   "id": "f61ce2cc",
   "metadata": {},
   "outputs": [
    {
     "name": "stdout",
     "output_type": "stream",
     "text": [
      "10.267141433064449\n"
     ]
    }
   ],
   "source": [
    "tv0_times_ci_times_tv0 = np.sum(  test_v0 * ci_times_tv0 )\n",
    "print( tv0_times_ci_times_tv0 )"
   ]
  },
  {
   "cell_type": "code",
   "execution_count": null,
   "id": "2af4e59e",
   "metadata": {},
   "outputs": [],
   "source": []
  },
  {
   "cell_type": "code",
   "execution_count": 43,
   "id": "d87b369e",
   "metadata": {},
   "outputs": [
    {
     "name": "stdout",
     "output_type": "stream",
     "text": [
      "[[ 1.27716902  0.1656726  -0.58002342  0.67150396 -0.55879766  0.46371477]\n",
      " [ 0.1656726   2.73570114 -0.70653543  0.84055786 -1.35022875  0.83989269]\n",
      " [-0.58002342 -0.70653543  1.92056726 -0.8623171   1.7139108  -1.44572485]\n",
      " [ 0.67150396  0.84055786 -0.8623171   2.25263852 -1.15105541  0.85186581]\n",
      " [-0.55879766 -1.35022875  1.7139108  -1.15105541  3.1303568  -2.2146959 ]\n",
      " [ 0.46371477  0.83989269 -1.44572485  0.85186581 -2.2146959   2.13780499]]\n"
     ]
    }
   ],
   "source": [
    "train_cov_inv = np.linalg.inv( train_cov )\n",
    "print(train_cov_inv)"
   ]
  },
  {
   "cell_type": "code",
   "execution_count": 44,
   "id": "46476043",
   "metadata": {},
   "outputs": [
    {
     "name": "stdout",
     "output_type": "stream",
     "text": [
      "[[ 1.00000000e+00  3.85518982e-17  2.34273303e-17  6.68477293e-18\n",
      "   2.53037110e-17  1.97785416e-17]\n",
      " [ 1.03272453e-18  1.00000000e+00 -7.55439088e-17  5.16034005e-18\n",
      "  -6.75529269e-17 -1.93778609e-17]\n",
      " [-5.54770576e-18 -7.45323110e-17  1.00000000e+00 -1.14316564e-17\n",
      "   1.14715743e-16 -8.54752621e-17]\n",
      " [ 1.38157976e-17  4.85940047e-17 -1.42236179e-16  1.00000000e+00\n",
      "  -1.15868823e-16  2.48840364e-17]\n",
      " [ 1.76911913e-16 -5.16494036e-17  1.23442269e-16 -1.12832472e-16\n",
      "   1.00000000e+00  1.08182290e-16]\n",
      " [ 1.89202179e-16 -1.36396564e-16 -3.20401300e-16 -1.66125856e-16\n",
      "   6.59260924e-16  1.00000000e+00]]\n"
     ]
    }
   ],
   "source": [
    "train_inv_check = np.matmul( train_cov, train_cov_inv )\n",
    "print(train_inv_check)"
   ]
  },
  {
   "cell_type": "code",
   "execution_count": 45,
   "id": "75ad211d",
   "metadata": {},
   "outputs": [
    {
     "name": "stdout",
     "output_type": "stream",
     "text": [
      "\n",
      "\n",
      " train_cov determinant : 0.172508\n",
      "\n",
      "\n"
     ]
    }
   ],
   "source": [
    "train_cov_det = np.linalg.det( train_cov )\n",
    "print(\"\\n\\n train_cov determinant : %f\\n\\n\" % train_cov_det )"
   ]
  },
  {
   "cell_type": "code",
   "execution_count": null,
   "id": "69c981e1",
   "metadata": {},
   "outputs": [],
   "source": []
  },
  {
   "cell_type": "code",
   "execution_count": 46,
   "id": "78f72bd2",
   "metadata": {},
   "outputs": [],
   "source": [
    "train_cov_inv_times_v = np.tensordot( train_cov_inv, train_pts_minus_train_mu.T, axes=(1,0) )"
   ]
  },
  {
   "cell_type": "code",
   "execution_count": 47,
   "id": "db9b7b8f",
   "metadata": {},
   "outputs": [],
   "source": [
    "v_times_train_cov_inv_times_v =  np.sum( train_pts_minus_train_mu.T * train_cov_inv_times_v, axis=0)"
   ]
  },
  {
   "cell_type": "code",
   "execution_count": null,
   "id": "ab3cd75b",
   "metadata": {},
   "outputs": [],
   "source": []
  },
  {
   "cell_type": "code",
   "execution_count": 48,
   "id": "b6b7cb95",
   "metadata": {},
   "outputs": [
    {
     "data": {
      "text/plain": [
       "array([ 6.70489621,  5.41308951,  5.06609778, ...,  6.81647298,\n",
       "        2.01587609, 12.35390854])"
      ]
     },
     "execution_count": 48,
     "metadata": {},
     "output_type": "execute_result"
    }
   ],
   "source": [
    "v_times_train_cov_inv_times_v"
   ]
  },
  {
   "cell_type": "code",
   "execution_count": 49,
   "id": "1c450e71",
   "metadata": {},
   "outputs": [
    {
     "data": {
      "text/plain": [
       "array([10.26714143,  5.01319035,  9.77874665, ...,  9.8928745 ,\n",
       "        4.97947756, 19.13520068])"
      ]
     },
     "execution_count": 49,
     "metadata": {},
     "output_type": "execute_result"
    }
   ],
   "source": [
    "v_times_true_cov_inv_times_v"
   ]
  },
  {
   "cell_type": "code",
   "execution_count": 50,
   "id": "ffc01b98",
   "metadata": {},
   "outputs": [
    {
     "data": {
      "text/plain": [
       "array([0.06540672, 0.24051565, 0.04442722, ..., 0.07559204, 0.04025094,\n",
       "       0.04593214])"
      ]
     },
     "execution_count": 50,
     "metadata": {},
     "output_type": "execute_result"
    }
   ],
   "source": [
    "sample_weights"
   ]
  },
  {
   "cell_type": "code",
   "execution_count": 51,
   "id": "6307f220",
   "metadata": {},
   "outputs": [],
   "source": [
    "exp_v_times_train_cov_inv_times_v = np.exp( -0.5 * v_times_train_cov_inv_times_v )\n",
    "exp_v_times_true_cov_inv_times_v  = np.exp( -0.5 * v_times_true_cov_inv_times_v  )\n",
    "pdf_ratio = exp_v_times_true_cov_inv_times_v / exp_v_times_train_cov_inv_times_v"
   ]
  },
  {
   "cell_type": "code",
   "execution_count": 52,
   "id": "d2613c3b",
   "metadata": {},
   "outputs": [
    {
     "name": "stdout",
     "output_type": "stream",
     "text": [
      "    0 :  w   0.065407  pdf ratio   0.168449  r/w =      2.575  vcv true  10.267141  vcv train   6.704896\n",
      "    1 :  w   0.240516  pdf ratio   1.221341  r/w =      5.078  vcv true   5.013190  vcv train   5.413090\n",
      "    2 :  w   0.044427  pdf ratio   0.094768  r/w =      2.133  vcv true   9.778747  vcv train   5.066098\n",
      "    3 :  w   0.058217  pdf ratio   0.290227  r/w =      4.985  vcv true   5.945569  vcv train   3.471384\n",
      "    4 :  w   0.137484  pdf ratio   0.381594  r/w =      2.776  vcv true   9.516093  vcv train   7.589296\n",
      "    5 :  w   0.124665  pdf ratio   0.328954  r/w =      2.639  vcv true   8.042404  vcv train   5.818730\n",
      "    6 :  w   0.030871  pdf ratio   0.115113  r/w =      3.729  vcv true   9.146694  vcv train   4.823016\n",
      "    7 :  w   0.140123  pdf ratio   0.674757  r/w =      4.815  vcv true   4.719788  vcv train   3.932982\n",
      "    8 :  w   0.194579  pdf ratio   0.560770  r/w =      2.882  vcv true   3.020183  vcv train   1.863293\n",
      "    9 :  w   0.005918  pdf ratio   0.014726  r/w =      2.488  vcv true  16.418179  vcv train   7.981900\n",
      "   10 :  w   0.061259  pdf ratio   0.145789  r/w =      2.380  vcv true   8.058731  vcv train   4.207546\n",
      "   11 :  w   0.022085  pdf ratio   0.057263  r/w =      2.593  vcv true  12.273637  vcv train   6.553430\n",
      "   12 :  w   0.196489  pdf ratio   0.752210  r/w =      3.828  vcv true   1.589998  vcv train   1.020518\n",
      "   13 :  w   0.016327  pdf ratio   0.026883  r/w =      1.647  vcv true  18.633105  vcv train  11.400603\n",
      "   14 :  w   0.154760  pdf ratio   0.691651  r/w =      4.469  vcv true   4.886880  vcv train   4.149534\n",
      "   15 :  w   0.080328  pdf ratio   0.032928  r/w =      0.410  vcv true  32.371977  vcv train  25.545129\n",
      "   16 :  w   0.019596  pdf ratio   0.077565  r/w =      3.958  vcv true  11.929877  vcv train   6.816600\n",
      "   17 :  w   0.282989  pdf ratio   1.144343  r/w =      4.044  vcv true   5.824016  vcv train   6.093678\n",
      "   18 :  w   0.058280  pdf ratio   0.300337  r/w =      5.153  vcv true   7.903928  vcv train   5.498228\n",
      "   19 :  w   0.141810  pdf ratio   0.442307  r/w =      3.119  vcv true   4.671424  vcv train   3.039922\n",
      "   20 :  w   0.059658  pdf ratio   0.088589  r/w =      1.485  vcv true  16.442693  vcv train  11.595195\n",
      "   21 :  w   0.051491  pdf ratio   0.100355  r/w =      1.949  vcv true  13.598594  vcv train   9.000502\n",
      "   22 :  w   0.300245  pdf ratio   1.156299  r/w =      3.851  vcv true   1.700916  vcv train   1.991366\n",
      "   23 :  w   0.021530  pdf ratio   0.078443  r/w =      3.644  vcv true  16.479215  vcv train  11.388458\n",
      "   24 :  w   0.020870  pdf ratio   0.113771  r/w =      5.451  vcv true   7.924813  vcv train   3.577681\n",
      "   25 :  w   0.310071  pdf ratio   2.296293  r/w =      7.406  vcv true  10.820107  vcv train  12.482699\n",
      "   26 :  w   0.002707  pdf ratio   0.004580  r/w =      1.692  vcv true  23.297993  vcv train  12.525924\n",
